Carex_satsumensis|TAI|spm00005838


Carex_bostrychostigma|JAP|spm00003784
Carex_dissitiflora|JAP|spm00007871

UNISPICATESCHOENOXIPHIUM <-c(
"Carex_microglochin|NOR|spm00001705",
"Carex_nardina|QUE|spm00001510",
"Carex_rupestris|FRA|spm00005213",
"Carex_argunensis|KHA|spm00006472",
"Carex_obtusata|MAN|spm00001107",
"Carex_runssoroensis|UGA|spm00000227",
"Carex_arctogena|CAL|NCBI_CAL_55",
"Carex_capitata|KRA|spm00002036",
"Carex_pauciflora|ASK|spm00001142",
"Carex_pyrenaica|SPA|spm00000582",
"Carex_micropoda|ASK|spm00001632",
"Carex_nigricans|ASK|spm00001638",
"Carex_anthoxanthea|WAS|spm00001568",
"Carex_filifolia_var_filifolia|CAL|spm00001432",
"Carex_onoei|CHM|spm00004513",
"Carex_leptalea|MIC|spm00001032",
"Carex_esenbeckii|EHM|spm00005193",
"Carex_borealipolaris|MNT|spm00001831",
"Carex_myosuroides|FRA|spm00005196",
"Carex_deasyi|EHM|spm00005198",
"Carex_parvula||spm00003656",
"Carex_macroprophylla|CHC|spm00003400",
"Carex_neesii|EHM|spm00005194",
"Carex_cercostachys|EHM|spm00005901",
"Carex_bonatiana|EHM|spm00005907",
"Carex_alatauensis|AFG|spm00003401",
"Carex_simpliciuscula|CHT|spm00003402",
"Carex_clavispica|EHM|spm00005903",
"Carex_capensis|CPP|spm00003263",
"Carex_burkei|CPP|spm00007785",
"Carex_killickii|NAT|spm00007793",
"Carex_pseudorufa|NAT|spm00003204",
"Carex_parvirufa|NAT|spm00003224",
"Carex_badilloi|NAT|spm00003223",
"Carex_ludwigii|NAT|spm00003207",
"Carex_perdensa|NAT|spm00003218",
"Carex_spartea|NAT|spm00007814",
"Carex_uhligii|NAT|spm00003194",
"Carex_schimperiana|NAT|spm00007800",
"Carex_schweickerdtii|NAT|spm00007770",
"Carex_lancea|CPP|spm00003764",
"Carex_multispiculata|NAT|spm00003765",
"Carex_distachya|SPA|spm00000588",
"Carex_peregrina|MDR|spm00000564",
"Carex_pulicaris|GRB|spm00005180",
"Carex_phyllostachys|TUR|spm00005164",
"Carex_oedipostyla|SPA|spm00000587",
"Carex_curvula_ssp_curvula|SPA|spm00003091",
"Carex_baldensis|SWI|spm00005242")


VIGNEA <- c(
"Carex_gibba|CHH|spm00005244",
"Carex_foetida|SWI|spm00000565",
"Carex_elongata|RUC|spm00005949",
"Carex_interior|MIC|spm00000972",
"Carex_atlantica_ssp_atlantica|FLA|spm00000718",
"Carex_atlantica_ssp_capillacea|PEN|spm00005432",
"Carex_omiana|JAP|NCBI_Waterway_3651",
"Carex_echinata_ssp_echinata|ASK|spm00001633",
"Carex_exilis|DEL|spm00000887",
"Carex_seorsa|DEL|spm00001242",
"Carex_laeviculmis|CAL|spm00001397",
"Carex_canescens_ssp_canescens|FIN|spm00005994",
"Carex_canescens_ssp_disjuncta|NFL|spm00001496",
"Carex_lapponica|ASK|spm00001641",
"Carex_arctiformis|BRC|spm00001851",
"Carex_traiziscana|JAP|spm00006095",
"Carex_bonanzensis|ASK|spm00001820",
"Carex_tenuiflora|MAN|spm00001313",
"Carex_loliacea|ASK|spm00001650",
"Carex_marina_ssp_marina|MAN|spm00001746",
"Carex_heleonastes|ABT|spm00001954",
"Carex_mackenziei|ASK|spm00001657",
"Carex_lachenalii_ssp_lachenalii|ASK|spm00001640",
"Carex_nemurensis|SAK|spm00006074",
"Carex_glareosa_ssp_glareosa|MAN|spm00001756",
"Carex_ursina|YUK|spm00001975",
"Carex_trisperma_var_trisperma|GNL|spm00006097",
"Carex_brunnescens_ssp_sphaerostachya|ONT|spm00005986",
"Carex_brunnescens_ssp_brunnescens|FIN|spm00005972",
"Carex_lucennoiberica|SPA|spm00006015",
"Carex_furva|SPA|spm00006018",
"Carex_illota|CAL|spm00000961",
"Carex_arcta|ASK|spm00000710",
"Carex_appropinquata|GER|spm00002248",
"Carex_sectoides|NZ|NCBI_AUTHOR_Gardner_306",
"Carex_secta|NZ|NCBI_Waterway_3650",
"Carex_tenuiculmis|NZS|NCBI_AK_311164",
"Carex_appressa_var_appressa|NSW|spm00002189",
"Carex_leptopoda|BRC|spm00001399",
"Carex_bolanderi|CAL|spm00001414",
"Carex_infirminervia|CAL|spm00001398",
"Carex_deweyana_var_deweyana|MAN|spm00001039",
"Carex_glomerabilis|CPP|spm00000194",
"Carex_leersii|NET|spm00004394",
"Carex_pairae|SPA|spm00004403",
"Carex_muricata_ssp_muricata|POL|spm00004400",
"Carex_paniculata_ssp_calderae|CNY|NCBI_JACA_8893",
"Carex_canariensis|CNY|spm00002291",
"Carex_otomana|IRN|spm00004583",
"Carex_divulsa|NET|spm00004392",
"Carex_muricata_ssp_ashokae|IRN|spm00004581",
"Carex_vulpina|GER|NCBI_HMH_2086",
"Carex_otrubae|SPA|spm00000559",
"Carex_spicata_ssp_spicata|BUL|spm00001272",
"Carex_paniculata_ssp_lusitanica|SPA|spm00002563",
"Carex_paniculata_ssp_paniculata|GRC|spm00006108",
"Carex_duriuscula|ASK|spm00001653",
"Carex_stenophylla|HUN|spm00002178",
"Carex_colchica|UKR|spm00002173",
"Carex_praecox|HUN|spm00002176",
"Carex_brizoides|GER|spm00005239",
"Carex_arenaria|DEL|spm00000733",
"Carex_pseudobrizoides|POL|spm00002177",
"Carex_remota|YUG|spm00006118",
"Carex_rochebrunii|CHT|spm00006409",
"Carex_planata|JAP|spm00005429",
"Carex_davalliana|FIN|spm00003596",
"Carex_dioica|SWE|spm00004523",
"Carex_parallela|KHA|spm00006471",
"Carex_gynocrates|ASK|spm00001630",
"Carex_cusickii|BRC|spm00002004",
"Carex_diandra|CAL|spm00000840",
"Carex_prairea|BRC|spm00001951",
"Carex_simulata|CAL|spm00001284",
"Carex_conjuncta|DEL|spm00000784",
"Carex_alopecoidea|ILL|spm00001728",
"Carex_aggregata|KTY|spm00000685",
"Carex_gravida|TEN|spm00000970",
"Carex_mesochorea|ALA|spm00001097",
"Carex_leavenworthii|KTY|spm00005410",
"Carex_sparganioides|DEL|spm00001289",
"Carex_cephaloidea|MAI|spm00000804",
"Carex_vulpinoidea|CAL|spm00001351",
"Carex_densa|ORE|spm00001669",
"Carex_annectens|ALA|spm00000730",
"Carex_cephalophora|MRY|spm00000828",
"Carex_muehlenbergii_var_muehlenbergii|WIS|spm00002520",
"Carex_cruscorvi|FLA|spm00000822",
"Carex_conferta|ETH|spm00000184",
"Carex_nervina|CAL|spm00001840",
"Carex_laevivaginata|ALA|spm00000993",
"Carex_stipata_var_stipata|MAN|spm00001253",
"Carex_decomposita|DEL|spm00000836",
"Carex_vernacula|CAL|spm00005382",
"Carex_praegracilis|CAL|spm00001157",
"Carex_pansa|CAL|spm00001964",
"Carex_divisa|MRY|spm00002064",
"Carex_neurocarpa|PRM|spm00006483",
"Carex_leiorhyncha|KOR|spm00002471",
"Carex_nubigena|CHC|spm00003362",
"Carex_albata|JAP|spm00005254",
"Carex_kobomugi|VRG|spm00000979",
"Carex_macrocephala|ASK|spm00001434",
"Carex_retroflexa|DEL|spm00001190",
"Carex_rosea|MAI|spm00001214",
"Carex_radiata|MIC|spm00001198",
"Carex_appalachica|MAS|spm00000721",
"Carex_socialis|ALA|spm00001288",
"Carex_disperma|ASK|spm00001652",
"Carex_siccata|ONT|spm00002070",
"Carex_pseudofoetida_ssp_pseudofoetida|CHQ|spm00005820",
"Carex_enervis||NCBI_Ho_2089",
"Carex_maritima|YUK|spm00002500",
"Carex_reptabunda|CHX|spm00006415",
"Carex_hookeriana|MAN|spm00005409",
"Carex_hoodii|CAL|spm00001930",
"Carex_sartwellii|BRC|spm00001982",
"Carex_lithophila|KOR|spm00000328",
"Carex_disticha|ONT|spm00005395",
"Carex_paxii|JAP|spm00006668",
"Carex_curaica|KRA|spm00002337",
"Carex_pseudocuraica|CH|spm00002605",
"Carex_chordorrhiza|BRC|spm00001925",
"Carex_foenea|BRC|spm00002000",
"Carex_praticola|COL|spm00001163",
"Carex_phaeocephala|NEV|spm00001193",
"Carex_davyi|CAL|spm00001459",
"Carex_argyrantha|MRY|spm00000734",
"Carex_integra|CAL|spm00000977",
"Carex_abrupta|CAL|spm00002224",
"Carex_mariposana|ARI|spm00001884",
"Carex_microptera|COL|spm00001880",
"Carex_ebenea|ARI|spm00001870",
"Carex_haydeniana|UTA|spm00002432",
"Carex_peucophila|MXC|spm00002576",
"Carex_multicostata|CAL|spm00001093",
"Carex_fracta|CAL|spm00000896",
"Carex_bohemica|FIN|spm00002276",
"Carex_adusta|ABT|spm00002072",
"Carex_athrostachya|CAL|spm00000727",
"Carex_leporinella|WAS|spm00001613",
"Carex_sychnocephala|ONT|spm00001900",
"Carex_petasata|UTA|spm00001192",
"Carex_xerantica|ONT|spm00001913",
"Carex_feta|CAL|spm00000893",
"Carex_leporina|WIS|spm00001780",
"Carex_cumulata|ILL|spm00000871",
"Carex_tribuloides_var_sangamonensis|MSI|spm00002714",
"Carex_projecta|MAN|spm00001176",
"Carex_bebbii|MAN|spm00000745",
"Carex_cristatella|KTY|spm00000800",
"Carex_tribuloides_var_tribuloides|SCA|spm00001323",
"Carex_crawfordii|ILL|spm00002161",
"Carex_opaca|OKL|spm00001133",
"Carex_bicknellii|INI|spm00000744",
"Carex_merrittfernaldii|MAN|spm00001051",
"Carex_muskingumensis|MIC|spm00001115",
"Carex_shinnersii|TEN|spm00001225",
"Carex_missouriensis|ILL|spm00001067",
"Carex_reniformis|GEO|spm00001187",
"Carex_brevior|BRC|spm00001823",
"Carex_molestiformis|ARK|spm00001073",
"Carex_molesta|DEL|spm00001070",
